0 74 231
1 190 224
2 342 379
3 480 180
4 330 302
5 105 52
6 93 566
7 33 199
8 314 132
9 92 220
$
1 0 116.21
0 1 116.21
2 0 306.15
0 2 306.15
3 1 293.32
1 3 293.32
4 0 265.66
0 4 265.66
5 0 181.66
0 5 181.66
6 2 311.4
2 6 311.4
7 3 447.4
3 7 447.4
8 6 487.03
6 8 487.03
9 0 21.1
0 9 21.1
0 8 259.62
8 0 259.62
1 5 191.86
5 1 191.86
2 1 217.09
1 2 217.09
4 6 354.77
6 4 354.77
5 9 168.5
9 5 168.5
6 3 546.59
3 6 546.59
7 1 158.98
1 7 158.98
8 7 288.88
7 8 288.88
9 2 296.28
2 9 296.28
9 7 62.63
7 9 62.63
