0 538 251
1 375 362
2 248 381
3 204 2
4 590 320
5 461 444
6 462 474
7 271 461
8 270 314
9 376 220
10 158 268
11 580 210
12 72 413
13 523 205
14 187 420
15 367 96
16 114 552
17 489 41
18 383 538
19 291 395
20 206 486
21 286 111
22 102 58
23 355 263
24 99 11
25 330 427
26 50 6
27 334 520
28 574 136
29 315 235
30 263 248
31 165 42
32 503 477
33 261 369
34 423 122
35 11 237
36 424 569
37 529 292
38 320 148
39 17 313
40 88 559
41 192 344
42 458 185
43 108 56
44 117 408
45 282 478
46 101 574
47 244 65
48 280 104
49 408 534
$
1 0 197.21
0 1 197.21
2 0 317.8
0 2 317.8
3 0 416.6
0 3 416.6
4 3 500.12
3 4 500.12
5 3 511.29
3 5 511.29
6 5 30.02
5 6 30.02
7 2 83.24
2 7 83.24
8 7 147.0
7 8 147.0
9 1 142.0
1 9 142.0
10 6 367.22
6 10 367.22
11 9 204.24
9 11 204.24
12 3 431.68
3 12 431.68
13 11 57.22
11 13 57.22
14 2 72.4
2 14 72.4
15 1 266.12
1 15 266.12
16 13 536.37
13 16 536.37
17 10 401.36
10 17 401.36
18 8 250.89
8 18 250.89
19 1 90.25
1 19 90.25
20 15 421.93
15 20 421.93
21 6 403.42
6 21 403.42
22 9 318.31
9 22 318.31
23 0 183.39
0 23 183.39
24 20 486.9
20 24 486.9
25 5 132.1
5 25 132.1
26 5 600.64
5 26 600.64
27 4 324.86
4 27 324.86
28 14 480.03
14 28 480.03
29 18 310.54
18 29 310.54
30 6 301.13
6 30 301.13
31 18 541.79
18 31 541.79
32 17 436.22
17 32 436.22
33 15 292.86
15 33 292.86
34 21 137.44
21 34 137.44
35 6 509.48
6 35 509.48
36 8 297.89
8 36 297.89
37 18 286.06
18 37 286.06
38 18 395.06
18 38 395.06
39 10 148.01
10 39 148.01
40 36 336.15
36 40 336.15
41 36 323.19
36 41 323.19
42 32 295.45
32 42 295.45
43 22 6.32
22 43 6.32
44 4 481.12
4 44 481.12
45 5 182.2
5 45 182.2
46 5 382.75
5 46 382.75
47 34 187.86
34 47 187.86
48 11 318.18
11 48 318.18
49 25 132.41
25 49 132.41
0 21 288.28
21 0 288.28
0 15 230.79
15 0 230.79
1 26 482.04
26 1 482.04
1 22 408.59
22 1 408.59
1 28 301.13
28 1 301.13
1 39 361.34
39 1 361.34
1 24 446.52
24 1 446.52
1 47 324.61
47 1 324.61
1 5 118.83
5 1 118.83
1 34 244.75
34 1 244.75
1 12 307.26
12 1 307.26
1 18 176.18
18 1 176.18
2 48 278.84
48 2 278.84
2 42 287.26
42 2 287.26
2 21 272.66
21 2 272.66
2 18 207.06
18 2 207.06
2 13 326.5
13 2 326.5
2 5 222.12
5 2 222.12
2 39 240.8
39 2 240.8
2 6 233.33
6 2 233.33
2 25 94.02
25 2 94.02
3 11 429.7
11 3 429.7
3 30 252.98
30 3 252.98
3 18 565.1
18 3 565.1
3 37 435.57
37 3 435.57
3 16 557.32
16 3 557.32
3 27 534.06
27 3 534.06
3 25 443.28
25 3 443.28
3 17 287.66
17 3 287.66
4 31 507.85
31 4 507.85
4 14 415.22
14 4 415.22
4 22 553.88
22 4 553.88
4 26 624.66
26 4 624.66
5 18 122.15
18 5 122.15
5 22 527.14
22 5 527.14
5 49 104.45
49 5 104.45
5 42 259.02
42 5 259.02
5 17 403.97
17 5 403.97
5 7 190.76
7 5 190.76
5 35 495.33
35 5 495.33
5 10 350.41
10 5 350.41
5 48 385.18
48 5 385.18
6 4 200.25
4 6 200.25
6 25 140.12
25 6 140.12
6 42 289.03
42 6 289.03
6 37 193.94
37 6 193.94
6 32 41.11
32 6 41.11
6 11 289.17
11 6 289.17
7 42 333.38
42 7 333.38
7 45 20.25
45 7 20.25
7 17 473.21
17 7 473.21
7 26 505.83
26 7 505.83
7 30 213.15
30 7 213.15
7 22 437.0
22 7 437.0
8 4 320.06
4 8 320.06
8 9 141.68
9 8 141.68
8 41 83.57
41 8 83.57
9 32 286.67
32 9 286.67
9 29 62.82
29 9 62.82
9 39 370.85
39 9 370.85
9 34 108.69
34 9 108.69
9 46 448.26
46 9 448.26
10 35 150.23
35 10 150.23
10 21 202.57
21 10 202.57
10 29 160.43
29 10 160.43
10 49 365.04
49 10 365.04
10 2 144.46
2 10 144.46
10 46 311.26
46 10 311.26
10 27 307.38
27 10 307.38
10 26 283.39
26 10 283.39
10 41 83.26
41 10 83.26
11 44 503.56
44 11 503.56
11 26 567.9
26 11 567.9
11 36 391.43
36 11 391.43
12 27 283.01
27 12 283.01
12 40 146.87
40 12 146.87
12 13 496.65
13 12 496.65
12 30 252.4
30 12 252.4
12 4 526.28
4 12 526.28
12 18 335.18
18 12 335.18
12 37 472.75
37 12 472.75
12 20 152.59
20 12 152.59
12 17 558.81
17 12 558.81
12 34 455.94
34 12 455.94
13 43 440.94
43 13 440.94
13 21 254.96
21 13 254.96
13 22 445.93
22 13 445.93
13 18 361.23
18 13 361.23
13 15 190.31
15 13 190.31
13 7 359.22
7 13 359.22
13 35 513.0
35 13 513.0
13 46 560.58
46 13 560.58
13 45 364.16
45 13 364.16
14 10 154.74
10 14 154.74
14 21 324.47
21 14 324.47
14 7 93.47
7 14 93.47
14 27 177.79
27 14 177.79
14 47 359.55
47 14 359.55
14 5 275.05
5 14 275.05
14 49 248.67
49 14 248.67
14 29 224.96
29 14 224.96
14 9 275.17
9 14 275.17
14 40 170.65
40 14 170.65
14 18 228.78
18 14 228.78
14 0 389.57
0 14 389.57
14 19 106.96
19 14 106.96
15 26 329.53
26 15 329.53
15 28 210.83
28 15 210.83
15 43 262.07
43 15 262.07
15 34 61.74
34 15 61.74
15 48 87.37
48 15 87.37
15 42 127.29
42 15 127.29
15 44 399.8
44 15 399.8
16 6 356.63
6 16 356.63
16 33 234.73
33 16 234.73
16 25 249.56
25 16 249.56
17 35 516.62
35 17 516.62
17 29 260.6
29 17 260.6
17 38 200.02
38 17 200.02
17 26 440.39
26 17 440.39
17 41 424.29
41 17 424.29
17 6 433.84
6 17 433.84
18 32 134.61
32 18 134.61
18 21 437.88
21 18 437.88
18 25 123.0
25 18 123.0
18 10 351.46
10 18 351.46
18 6 101.67
6 18 101.67
18 46 284.29
46 18 284.29
18 45 117.48
45 18 117.48
18 20 184.48
20 18 184.48
19 41 111.36
41 19 111.36
19 15 308.51
15 19 308.51
19 28 383.63
28 19 383.63
20 32 297.14
32 20 297.14
20 38 356.71
38 20 356.71
20 5 258.44
5 20 258.44
20 27 132.44
27 20 132.44
20 43 441.03
43 20 441.03
20 2 113.09
2 20 113.09
21 33 259.21
33 21 259.21
21 19 284.04
19 21 284.04
21 4 368.91
4 21 368.91
21 8 203.63
8 21 203.63
21 35 302.49
35 21 302.49
21 43 186.3
43 21 186.3
21 32 425.49
32 21 425.49
21 9 141.35
9 21 141.35
21 22 191.48
22 21 191.48
21 1 266.31
1 21 266.31
21 40 489.8
40 21 489.8
21 31 139.29
31 21 139.29
22 35 200.8
35 22 200.8
22 11 501.59
11 22 501.59
22 20 440.45
20 22 440.45
22 8 306.2
8 22 306.2
22 33 349.29
33 22 349.29
22 31 65.0
31 22 65.0
22 34 327.32
34 22 327.32
23 40 398.63
40 23 398.63
23 11 231.16
11 23 231.16
23 48 175.8
48 23 175.8
23 4 241.81
4 23 241.81
23 13 177.73
13 23 177.73
23 27 257.86
27 23 257.86
23 29 48.83
29 23 48.83
23 38 120.21
38 23 120.21
23 28 253.16
28 23 253.16
23 31 291.45
31 23 291.45
23 25 165.89
25 23 165.89
23 22 325.63
22 23 325.63
24 10 263.69
10 24 263.69
24 18 598.65
18 24 598.65
24 7 481.75
7 24 481.75
24 2 398.87
2 24 398.87
24 48 203.49
48 24 203.49
24 31 72.92
31 24 72.92
24 41 345.74
41 24 345.74
25 0 272.47
0 25 272.47
25 17 417.46
17 25 417.46
25 15 333.06
15 25 333.06
26 3 154.05
3 26 154.05
26 41 366.62
41 26 366.62
26 27 587.24
27 26 587.24
26 16 549.74
16 26 549.74
26 40 554.3
40 26 554.3
26 13 513.16
13 26 513.16
26 6 623.51
6 26 623.51
26 23 398.84
23 26 398.84
26 25 505.61
25 26 505.61
26 9 389.96
9 26 389.96
26 18 627.62
18 26 627.62
26 42 445.54
42 26 445.54
26 47 202.77
47 26 202.77
26 35 234.27
35 26 234.27
27 30 281.11
30 27 281.11
27 34 407.83
34 27 407.83
27 49 75.31
49 27 75.31
27 31 507.0
31 27 507.0
27 43 516.11
43 27 516.11
27 15 425.28
15 27 425.28
27 41 226.14
41 27 226.14
27 35 429.44
35 27 429.44
27 0 337.6
0 27 337.6
27 5 148.0
5 27 148.0
28 46 644.65
46 28 644.65
28 0 120.5
0 28 120.5
28 4 184.69
4 28 184.69
28 38 254.28
38 28 254.28
28 49 431.23
49 28 431.23
28 11 74.24
11 28 74.24
28 27 452.83
27 28 452.83
28 3 393.52
3 28 393.52
28 33 390.2
33 28 390.2
28 13 85.8
13 28 85.8
28 34 151.65
34 28 151.65
28 36 458.25
36 28 458.25
29 38 87.14
38 29 87.14
29 44 262.93
44 29 262.93
29 24 311.18
24 29 311.18
29 39 308.04
39 29 308.04
29 46 400.9
46 29 400.9
30 2 133.84
2 30 133.84
30 36 359.11
36 30 359.11
30 39 254.44
39 30 254.44
30 22 249.04
22 30 249.04
30 29 53.6
29 30 53.6
31 48 130.65
48 31 130.65
31 36 587.21
36 31 587.21
31 12 382.48
12 31 382.48
32 13 272.73
13 32 272.73
32 48 434.58
48 32 434.58
32 10 403.37
10 32 403.37
32 8 284.36
8 32 284.36
32 37 186.82
37 32 186.82
33 32 265.01
32 33 265.01
33 5 213.6
5 33 213.6
33 46 260.05
46 33 260.05
33 6 226.77
6 33 226.77
33 45 111.0
45 33 111.0
34 32 363.9
32 34 363.9
34 41 320.38
41 34 320.38
34 49 412.27
49 34 412.27
34 40 550.63
40 34 550.63
35 47 289.61
47 35 289.61
35 38 321.56
38 35 321.56
35 44 201.19
44 35 201.19
35 23 344.98
23 35 344.98
35 4 584.92
4 35 584.92
36 17 531.99
17 36 531.99
36 38 433.66
38 36 433.66
37 5 166.52
5 37 166.52
37 44 428.02
44 37 428.02
37 48 312.0
48 37 312.0
37 30 269.61
30 37 269.61
37 35 520.91
35 37 520.91
37 45 309.2
45 37 309.2
37 49 270.56
49 37 270.56
37 42 128.41
42 37 128.41
37 1 169.16
1 37 169.16
37 38 253.81
38 37 253.81
37 34 200.34
34 37 200.34
38 6 355.58
6 38 355.58
38 11 267.29
11 38 267.29
38 8 173.37
8 38 173.37
38 40 471.96
40 38 471.96
38 30 115.1
30 38 115.1
38 12 362.94
12 38 362.94
38 34 106.23
34 38 106.23
39 35 76.24
35 39 76.24
39 44 137.93
44 39 137.93
39 7 293.97
7 39 293.97
39 45 312.17
45 39 312.17
39 43 272.64
43 39 272.64
39 42 459.2
42 39 459.2
40 27 249.07
27 40 249.07
40 6 383.54
6 40 383.54
40 11 603.21
11 40 603.21
40 30 356.86
30 40 356.86
40 1 348.11
1 40 348.11
40 31 522.7
31 40 522.7
40 0 545.31
0 40 545.31
40 39 256.04
39 40 256.04
40 20 138.76
20 40 138.76
40 42 526.1
42 40 526.1
40 46 19.85
46 40 19.85
40 37 515.53
37 40 515.53
41 29 164.35
29 41 164.35
41 40 238.83
40 41 238.83
41 20 142.69
20 41 142.69
41 4 398.72
4 41 398.72
41 0 358.28
0 41 358.28
41 43 300.0
43 41 300.0
41 13 359.0
13 41 359.0
41 15 303.53
15 41 303.53
41 35 210.26
35 41 210.26
41 30 119.4
30 41 119.4
41 3 342.21
3 41 342.21
41 2 67.12
2 41 67.12
42 11 124.54
11 42 124.54
42 10 311.27
10 42 311.27
42 36 385.5
36 42 385.5
42 45 341.8
45 42 341.8
42 46 527.99
46 42 527.99
43 25 432.35
25 43 432.35
43 37 482.64
37 43 482.64
43 45 456.46
45 43 456.46
43 2 353.87
2 43 353.87
43 32 577.29
32 43 577.29
43 28 472.82
28 43 472.82
43 0 472.15
0 43 472.15
43 34 321.84
34 43 321.84
44 17 522.56
17 44 522.56
44 23 278.69
23 44 278.69
44 24 397.41
24 44 397.41
44 33 149.19
33 44 149.19
44 30 216.6
30 44 216.6
44 49 317.11
49 44 317.11
44 32 392.12
32 44 392.12
45 14 111.31
14 45 111.31
45 9 274.59
9 45 274.59
45 1 148.68
1 45 148.68
46 24 563.0
24 46 563.0
46 7 204.13
7 46 204.13
46 25 272.12
25 46 272.12
46 19 261.04
19 46 261.04
46 49 309.59
49 46 309.59
47 43 136.3
43 47 136.3
47 31 82.28
31 47 82.28
47 23 226.99
23 47 226.99
47 40 518.05
40 47 518.05
47 48 53.08
48 47 53.08
47 39 336.2
39 47 336.2
48 7 357.11
7 48 357.11
48 10 204.4
10 48 204.4
49 36 38.48
36 49 38.48
49 30 320.66
30 49 320.66
49 31 548.74
31 49 548.74
49 13 348.52
13 49 348.52
49 38 395.9
38 49 395.9
49 4 280.93
4 49 280.93
49 17 499.61
17 49 499.61
